0,520
0,472
0,273
0,270
80,35
3,2
3,1
3,3
10,238
10,311
10,64
10,301
10,312
10,227
10,158
10,1
10,131
10,2
10,3
11,17
11,16
11,28
11,19
11,13
11,27
11,1
11,8
11,2
11,3
9,7
9,6
9,1
9,4
9,2
9,3
8,14
8,16
8,18
8,9
8,15
8,1
8,10
8,2
8,3
12,2
12,1
12,3
20,2
20,1
20,3
19,2
19,1
19,3
79,3
79,2
79,1
79,0
78,3
78,2
78,1
78,0
77,4
77,3
77,2
77,1
77,0
76,5
76,4
76,3
76,2
76,1
18,1
76,0
74,5
74,4
74,3
18,3
74,2
74,1
74,0
72,5
14,3
72,4
72,3
72,2
13,1
72,1
13,3
72,0
71,7
71,6
71,5
71,4
71,3
71,2
71,1
71,0
70,6
70,5
70,4
70,3
70,2
70,1
70,0
68,6
68,5
68,4
68,3
68,2
68,1
68,0
67,6
67,5
